0.101563
0.1875
0.144531
0.117188
0.316406
0.121094
0.242188
0.121094
0.125
0.234375
0.0859375
0.261719
0.105469
0.128906
0.269531
0.125
0.21875
0.117188
0.105469
0.160156
0.113281
0.207031
0.0820313
0.15625
0.289063
0.0742188
0.210938
0.0976563
0.0585938
0.210938
0.0664063
0.257813
0.078125
0.0859375
0.1875
0.0585938
0.289063
0.0820313
0.113281
0.140625
0.078125
0.269531
0.113281
0.121094
0.140625
0.0546875
0.226563
0.0859375
0.160156
0.199219
0.0625
0.253906
0.078125
0.117188
0.222656
0.0546875
0.265625
0.0976563
0.152344
0.277344
0.078125
0.0546875
0.0429688
0.0742188
0.199219
0.0664063
0.0742188
0.0234375
0.0625
0.15625
0.078125
0.152344
0.0625
0.128906
0.171875
0.0585938
0.179688
0.0625
0.132813
0.25
0.39917
1.04736
0.435791
0.574951
1.07056
0.0927734
0.179688
0.0957031
0.117188
0.236328
0.0791016
0.188477
0.0820313
0.101563
0.200195
0.0732422
0.231445
0.0810547
0.115234
0.212891
0.0742188
0.238281
0.0898438
0.125977
0.207031
0.108398
0.227539
0.12207
0.119141
0.245117
0.078125
0.241211
0.0849609
0.103516
0.207031
0.0625
0.253906
0.09375
0.137695
0.209961
0.0703125
0.115234
0.0478516
0.0996094
0.194336
0.102539
0.211914
0.111328
0.114258
0.262695
0.0839844
0.256836
0.0957031
0.108398
0.189453
0.0693359
0.15625
0.0664063
0.104492
0.173828
0.0634766
0.212891
0.0751953
0.132813
0.230469
0.0644531
0.237305
0.0849609
0.105469
0.205078
